4 96
33
0 2 4 6 8 10 12 14 16 18 20 22 24 26 28 30 32 34 36 38 40 42 44 46 48 50 52 54 56 58 60 62 96
2 2 3 1 1 2 1 2 3 2 2 1 1 2 2 2 2 2 2 2 2 2 2 3 3 2 1 1 1 2 3 3 45
33
0 3 6 9 12 15 18 21 24 27 30 33 36 39 42 45 48 51 54 57 60 63 66 69 72 75 78 81 84 87 90 93 96
3 2 2 2 3 3 3 4 4 4 4 2 3 5 5 5 4 2 2 3 3 3 3 3 2 4 2 2 4 4 4 2 3
33
0 1 2 3 4 5 6 7 8 9 10 11 12 13 14 15 16 17 18 22 26 30 34 38 42 46 50 54 58 62 66 70 96
1 1 2 1 2 1 1 2 2 2 2 1 1 1 1 1 2 1 1 1 1 6 5 5 5 5 5 5 5 5 5 35
33
0 5 10 15 20 25 30 35 40 45 50 55 60 65 70 75 80 81 82 83 84 85 86 87 88 89 90 91 92 93 94 95 96
5 4 4 4 6 6 7 7 6 5 4 5 4 3 2 5 2 1 1 1 1 1 1 2 2 2 2 1 1 1 1 2